=================
   Corner Case   
=================

[input image]
 #0     0     1     2     3     4     5      #1     0     1     2     3     4     5     
---------------------------------------     ---------------------------------------     
 0|   255   255   255   255   255   255      0|     0     0     0     0     0     0     
 1|   255   255   255   255   255   255      1|     0     0     0     0     0     0     
 2|   255   255   255   255   255   255      2|     0     0     0     0     0     0     
 3|   255   255   255   255   255   255      3|     0     0     0     0     0     0     
 4|   255   255   255   255   255   255      4|     0     0     0     0     0     0     
 5|   255   255   255   255   255   255      5|     0     0     0     0     0     0     


[convolution]
 #0        0        1        2        3      #1        0        1        2        3     
---------------------------------------     ---------------------------------------     
 0|   585225   585225   585225   585225      0|        0        0        0        0     
 1|   585225   585225   585225   585225      1|        0        0        0        0     
 2|   585225   585225   585225   585225      2|        0        0        0        0     
 3|   585225   585225   585225   585225      3|        0        0        0        0     


[quantization 1]
 #0     0     1     2     3      #1     0     1     2     3     
---------------------------     ---------------------------     
 0|   255   255   255   255      0|     0     0     0     0     
 1|   255   255   255   255      1|     0     0     0     0     
 2|   255   255   255   255      2|     0     0     0     0     
 3|   255   255   255   255      3|     0     0     0     0     


[max pooling]
 #0     0     1      #1     0     1     
---------------     ---------------     
 0|   255   255      0|     0     0     
 1|   255   255      1|     0     0     


[fully connected]
 #0      0      #1      0     
----------     ----------     
 0| 130050      0|      0     
 1| 130050      1|      0     
 2| 130050      2|      0     
 3| 130050      3|      0     


[quantization 2]
 #0      0      #1      0     
----------     ----------     
 0|    255      0|      0     
 1|    255      1|      0     
 2|    255      2|      0     
 3|    255      3|      0     


============
   NO.001  
============

[input image]
 #0     0     1     2     3     4     5      #1     0     1     2     3     4     5     
---------------------------------------     ---------------------------------------     
 0|   171    23   197    90   241   221      0|     0   244   105   192   192    15     
 1|   155   253    16    59   218   226      1|   231   190    19   242   195   213     
 2|   171   236   203   115     5   148      2|    47   228     2    90   152    49     
 3|    45    20   121   161   211    95      3|    27    61   249    61    84    91     
 4|   253   180    39    84    35   139      4|    47   114    18   117    41   178     
 5|   187    36    33    11     3   142      5|   210   237    55    51   144    47     


[convolution]
 #0        0        1        2        3      #1        0        1        2        3     
---------------------------------------     ---------------------------------------     
 0|   160129   103669   140773   154436      0|    97767   142865   123602   114564     
 1|   110394   101724   113988   113851      1|    93363    96667   138376   127715     
 2|   137625   130205    84540   119339      2|    54148   124672    70000    79594     
 3|   125487    70299    90281    66124      3|   132446    99463    83190    63890     


[quantization 1]
 #0     0     1     2     3      #1     0     1     2     3     
---------------------------     ---------------------------     
 0|    69    45    61    67      0|    42    62    53    49     
 1|    48    44    49    49      1|    40    42    60    55     
 2|    59    56    36    51      2|    23    54    30    34     
 3|    54    30    39    28      3|    57    43    36    27     


[max pooling]
 #0     0     1      #1     0     1     
---------------     ---------------     
 0|    69    67      0|    62    60     
 1|    59    51      1|    57    36     


[fully connected]
 #0      0      #1      0     
----------     ----------     
 0|  13205      0|  11826     
 1|  14946      1|  13392     
 2|  10071      2|   7155     
 3|  11610      3|   8748     


[quantization 2]
 #0      0      #1      0     
----------     ----------     
 0|     25      0|     23     
 1|     29      1|     26     
 2|     19      2|     14     
 3|     22      3|     17     


============
   NO.002  
============

[input image]
 #0     0     1     2     3     4     5      #1     0     1     2     3     4     5     
---------------------------------------     ---------------------------------------     
 0|    33    21   216   103    53   182      0|   180    28    10   101   239    27     
 1|   187   100    80   137    49   167      1|   199   219   156    92    35    36     
 2|   238    33    44   152    30   236      2|     3    74   175    57   189    64     
 3|   244    48   145   168   100    63      3|    52    76    18   152    60   207     
 4|   152   130    61    63    92    91      4|    59     4   146   209   116    29     
 5|   242   154   145   192   106   219      5|    36    76   218   109   159    51     


[convolution]
 #0        0        1        2        3      #1        0        1        2        3     
---------------------------------------     ---------------------------------------     
 0|   100538   111773    88734   139995      0|   170320   115497   116041    70108     
 1|   124218    98090    85531   118765      1|    88721   126990   116339   119410     
 2|   128088    97324   116639   113032      2|    72446   108626    99464   108771     
 3|   134689   112265    92908   120016      3|    94463   106990   143079   111614     


[quantization 1]
 #0     0     1     2     3      #1     0     1     2     3     
---------------------------     ---------------------------     
 0|    43    48    38    61      0|    74    50    50    30     
 1|    54    42    37    51      1|    38    55    50    52     
 2|    55    42    50    49      2|    31    47    43    47     
 3|    58    48    40    52      3|    41    46    62    48     


[max pooling]
 #0     0     1      #1     0     1     
---------------     ---------------     
 0|    54    61      0|    74    52     
 1|    58    52      1|    47    62     


[fully connected]
 #0      0      #1      0     
----------     ----------     
 0|   2307      0|   2498     
 1|  16501      1|  17842     
 2|   2194      2|   2195     
 3|  15682      3|  15707     


[quantization 2]
 #0      0      #1      0     
----------     ----------     
 0|      4      0|      4     
 1|     32      1|     34     
 2|      4      2|      4     
 3|     30      3|     30     


============
   NO.003  
============

[input image]
 #0     0     1     2     3     4     5      #1     0     1     2     3     4     5     
---------------------------------------     ---------------------------------------     
 0|   118   147   169   168   208   155      0|    56     9   119    32   217   232     
 1|   220    33    60   107   237   212      1|   164   103   229   243   213   222     
 2|   173     2   210   147   207   250      2|     4    94    53   117    41    21     
 3|    47    46   200    58   102    49      3|    29    26   239   173   155    25     
 4|    46    38   231    59   133   235      4|    74    31    85   125     3   250     
 5|   129   112   162   133   171   249      5|   102   166   152   204   126    89     


[convolution]
 #0        0        1        2        3      #1        0        1        2        3     
---------------------------------------     ---------------------------------------     
 0|   119366   114411   170999   176108      0|    82315    91074   136766   139478     
 1|    84941   101137   151615   139738      1|   113979   144063   171555   141104     
 2|   115213   113304   149245   144192      2|    60789   101766    87547    84465     
 3|   123972   108351   125356   119979      3|   123403   138393   142228   106141     


[quantization 1]
 #0     0     1     2     3      #1     0     1     2     3     
---------------------------     ---------------------------     
 0|    52    49    74    76      0|    35    39    59    60     
 1|    37    44    66    60      1|    49    62    74    61     
 2|    50    49    65    62      2|    26    44    38    36     
 3|    54    47    54    52      3|    53    60    61    46     


[max pooling]
 #0     0     1      #1     0     1     
---------------     ---------------     
 0|    52    76      0|    62    74     
 1|    54    65      1|    60    61     


[fully connected]
 #0      0      #1      0     
----------     ----------     
 0|  17612      0|  18490     
 1|  10232      1|  11452     
 2|  16187      2|  16291     
 3|   9999      3|  10605     


[quantization 2]
 #0      0      #1      0     
----------     ----------     
 0|     34      0|     36     
 1|     20      1|     22     
 2|     31      2|     31     
 3|     19      3|     20     


============
   NO.004  
============

[input image]
 #0     0     1     2     3     4     5      #1     0     1     2     3     4     5     
---------------------------------------     ---------------------------------------     
 0|   249   248   216   219   143    56      0|    56   110    49   196   249   220     
 1|    32   163     0   155    83   119      1|   113   253   183   166   115   180     
 2|    79    98   160    21    56   192      2|    16    23   234   197    26   114     
 3|   255    48   230   251   178   156      3|   227   172    21    63    14   200     
 4|   126   154    33    13   140    28      4|   252     5    72    40    92   202     
 5|   175   116   231   145   236    47      5|   204   101   221   190   129    35     


[convolution]
 #0        0        1        2        3      #1        0        1        2        3     
---------------------------------------     ---------------------------------------     
 0|   161305   177379   128747   131382      0|   134392   209530   221679   194765     
 1|   159129   165010   199961   177622      1|   185849   155693   131689   142037     
 2|   179148   128237   130915   155035      2|   152647   127103    89973   121219     
 3|   183724   202055   206403   168458      3|   182446   131257   144203   142366     


[quantization 1]
 #0     0     1     2     3      #1     0     1     2     3     
---------------------------     ---------------------------     
 0|    70    77    56    57      0|    58    91    96    84     
 1|    69    71    87    77      1|    80    67    57    61     
 2|    78    55    57    67      2|    66    55    39    52     
 3|    80    88    89    73      3|    79    57    62    62     


[max pooling]
 #0     0     1      #1     0     1     
---------------     ---------------     
 0|    77    87      0|    91    96     
 1|    88    89      1|    79    62     


[fully connected]
 #0      0      #1      0     
----------     ----------     
 0|  19460      0|  22855     
 1|  31468      1|  35894     
 2|  22021      2|  19393     
 3|  33982      3|  27106     


[quantization 2]
 #0      0      #1      0     
----------     ----------     
 0|     38      0|     44     
 1|     61      1|     70     
 2|     43      2|     38     
 3|     66      3|     53     


============
   NO.005  
============

[input image]
 #0     0     1     2     3     4     5      #1     0     1     2     3     4     5     
---------------------------------------     ---------------------------------------     
 0|    39   159    91   241    26   241      0|   209    93    43    83     5   144     
 1|    80   113    87   194   150    72      1|   228   123   219    40   161    58     
 2|   211    38    15    15   223    10      2|    39   221   177    80   178   103     
 3|   180    17   251    63    33   213      3|   193    21   222    45    25   201     
 4|    52   139    85    95   217   254      4|   113   215   139    34   127   134     
 5|    65    35   102   237    78    85      5|   236    97   157   197   181     9     


[convolution]
 #0        0        1        2        3      #1        0        1        2        3     
---------------------------------------     ---------------------------------------     
 0|   112692   122176   104370   152439      0|   160941   137543   125917    93693     
 1|   135971    95023   142525   115506      1|   181998   132413   174568    87647     
 2|   132359    75191   116313   112420      2|   153568   160010   152568   100552     
 3|   118380   103714   151610   151109      3|   182455   124816   156873   116580     


[quantization 1]
 #0     0     1     2     3      #1     0     1     2     3     
---------------------------     ---------------------------     
 0|    49    53    45    66      0|    70    59    54    40     
 1|    59    41    62    50      1|    79    57    76    38     
 2|    57    32    50    48      2|    66    69    66    43     
 3|    51    45    66    65      3|    79    54    68    50     


[max pooling]
 #0     0     1      #1     0     1     
---------------     ---------------     
 0|    59    66      0|    79    76     
 1|    57    66      1|    79    68     


[fully connected]
 #0      0      #1      0     
----------     ----------     
 0|  23101      0|  27851     
 1|  10378      1|  12968     
 2|  22875      2|  25859     
 3|  10194      3|  12368     


[quantization 2]
 #0      0      #1      0     
----------     ----------     
 0|     45      0|     54     
 1|     20      1|     25     
 2|     44      2|     50     
 3|     19      3|     24     


============
   NO.006  
============

[input image]
 #0     0     1     2     3     4     5      #1     0     1     2     3     4     5     
---------------------------------------     ---------------------------------------     
 0|   136   234   188   151   117   112      0|   175    86   214   157    69    34     
 1|   178    24   243   213    20     5      1|    42     8   249    87   166   111     
 2|    94   159    35    35    83    52      2|    50    26   116    60   200   161     
 3|    97   241   244   211   223   229      3|   213   244   152    54   112   202     
 4|   208   167   178    52   255    36      4|    69    85    62   196   217    99     
 5|   252    70   246    80   115    15      5|   164   166   168    50   170    66     


[convolution]
 #0        0        1        2        3      #1        0        1        2        3     
---------------------------------------     ---------------------------------------     
 0|   199103   183758   155112   118495      0|   140596   122853   195339   144730     
 1|   168426   183089   170661   144321      1|   155239   131404   181191   146869     
 2|   204500   220001   198024   191467      2|   161848   139022   160484   183934     
 3|   233907   203508   242508   158093      3|   169567   181601   169876   169582     


[quantization 1]
 #0     0     1     2     3      #1     0     1     2     3     
---------------------------     ---------------------------     
 0|    86    80    67    51      0|    61    53    85    63     
 1|    73    79    74    62      1|    67    57    78    63     
 2|    89    95    86    83      2|    70    60    69    80     
 3|   101    88   105    68      3|    73    79    74    73     


[max pooling]
 #0     0     1      #1     0     1     
---------------     ---------------     
 0|    86    74      0|    67    85     
 1|   101   105      1|    79    80     


[fully connected]
 #0      0      #1      0     
----------     ----------     
 0|  24690      0|  25881     
 1|  11178      1|   9693     
 2|  33393      2|  25602     
 3|  13779      3|  10701     


[quantization 2]
 #0      0      #1      0     
----------     ----------     
 0|     48      0|     50     
 1|     21      1|     19     
 2|     65      2|     50     
 3|     27      3|     20     


============
   NO.007  
============

[input image]
 #0     0     1     2     3     4     5      #1     0     1     2     3     4     5     
---------------------------------------     ---------------------------------------     
 0|     9    68   107   155    89    81      0|   194   178   155   255   113   194     
 1|   180   219    65   136    55   160      1|   228    45   213    17    26    21     
 2|   133     8   208   212   119   199      2|   240   227   239   221   122   146     
 3|   253    68   226   109   218   234      3|   122   223    61     3   171    31     
 4|   171   202    77    12    52   212      4|    12   184   164     7    24   178     
 5|     6    87   225   120   209    18      5|   110   255   179    65   225    65     


[convolution]
 #0        0        1        2        3      #1        0        1        2        3     
---------------------------------------     ---------------------------------------     
 0|   145359   177692   124845   149239      0|   218371   190177   145079   123925     
 1|   176922   158857   168074   198287      1|   195738   146662   131440    95154     
 2|   170137   152051   167230   213915      2|   200124   140800   125026   129967     
 3|   186531   137729   154709   167078      3|   169447    81573   124308   107145     


[quantization 1]
 #0     0     1     2     3      #1     0     1     2     3     
---------------------------     ---------------------------     
 0|    63    77    54    65      0|    95    82    63    53     
 1|    77    69    73    86      1|    85    63    57    41     
 2|    74    66    72    93      2|    87    61    54    56     
 3|    81    60    67    72      3|    73    35    54    46     


[max pooling]
 #0     0     1      #1     0     1     
---------------     ---------------     
 0|    77    86      0|    95    63     
 1|    81    93      1|    87    56     


[fully connected]
 #0      0      #1      0     
----------     ----------     
 0|  19057      0|  14848     
 1|  22947      1|  25725     
 2|  20556      2|  13257     
 3|  24291      3|  23457     


[quantization 2]
 #0      0      #1      0     
----------     ----------     
 0|     37      0|     29     
 1|     44      1|     50     
 2|     40      2|     25     
 3|     47      3|     45     


============
   NO.008  
============

[input image]
 #0     0     1     2     3     4     5      #1     0     1     2     3     4     5     
---------------------------------------     ---------------------------------------     
 0|   192    45   212   107   159   164      0|   216   172   215   133   233   189     
 1|   118   131    57   186    80    39      1|    39   147   155   125   238   206     
 2|   164   104    95    84    78   186      2|     1   190    69   194   144   100     
 3|    68   187   223   242   165    38      3|   119   188    80   217   196   167     
 4|   139   206     6    61   237   155      4|   166   146    12    31    20    84     
 5|   101   101    66   235   239   141      5|   214   154   167   103   135    25     


[convolution]
 #0        0        1        2        3      #1        0        1        2        3     
---------------------------------------     ---------------------------------------     
 0|   219122   175807   209466   193414      0|   233010   259049   276533   289095     
 1|   202585   249425   224697   210163      1|   192216   243117   269770   291638     
 2|   225132   212076   199128   220149      2|   173671   204466   170559   201068     
 3|   204428   241867   280434   293719      3|   231034   212381   190543   196320     


[quantization 1]
 #0     0     1     2     3      #1     0     1     2     3     
---------------------------     ---------------------------     
 0|    95    76    91    84      0|   101   112   120   125     
 1|    88   108    97    91      1|    83   105   117   127     
 2|    98    92    86    95      2|    75    89    74    87     
 3|    89   105   122   127      3|   100    92    83    85     


[max pooling]
 #0     0     1      #1     0     1     
---------------     ---------------     
 0|   108    97      0|   112   127     
 1|   105   127      1|   100    87     


[fully connected]
 #0      0      #1      0     
----------     ----------     
 0|  33868      0|  38080     
 1|  34054      1|  39382     
 2|  36589      2|  31044     
 3|  38143      3|  31098     


[quantization 2]
 #0      0      #1      0     
----------     ----------     
 0|     66      0|     74     
 1|     66      1|     77     
 2|     71      2|     60     
 3|     74      3|     60     


============
   NO.009  
============

[input image]
 #0     0     1     2     3     4     5      #1     0     1     2     3     4     5     
---------------------------------------     ---------------------------------------     
 0|   171   184   167    98   204    87      0|    42   118    43    28    46   146     
 1|    87   130    13   116   108   243      1|    84     8   244   240   156    49     
 2|    56    43    49   241    44   141      2|    75    14   149   255   231   135     
 3|    84   117   160    66    54   221      3|   167   197   252   131   121   203     
 4|    56   205   167   203   227   148      4|   171    66    60   146   178    15     
 5|    42    20   101    76    71   137      5|    31   229   251   111   118    49     


[convolution]
 #0        0        1        2        3      #1        0        1        2        3     
---------------------------------------     ---------------------------------------     
 0|    92553   112348   144860   126563      0|    76364   138371   167145   159313     
 1|    90224   117524    95713   137132      1|   176464   197473   182368   147923     
 2|   123817   170327   144993   171397      2|   117210   139075   165284   145109     
 3|   101248   101646   103643   132149      3|   185919   175249   150381   121650     


[quantization 1]
 #0     0     1     2     3      #1     0     1     2     3     
---------------------------     ---------------------------     
 0|    40    48    63    55      0|    33    60    72    69     
 1|    39    51    41    59      1|    76    86    79    64     
 2|    53    74    63    74      2|    51    60    72    63     
 3|    44    44    45    57      3|    81    76    65    53     


[max pooling]
 #0     0     1      #1     0     1     
---------------     ---------------     
 0|    51    63      0|    86    79     
 1|    74    74      1|    81    72     


[fully connected]
 #0      0      #1      0     
----------     ----------     
 0|  19047      0|  26508     
 1|   3693      1|   6064     
 2|  24050      2|  24471     
 3|   5254      3|   5697     


[quantization 2]
 #0      0      #1      0     
----------     ----------     
 0|     37      0|     51     
 1|      7      1|     11     
 2|     47      2|     47     
 3|     10      3|     11     


