pattern_num=10
255 255 255 255 255 255 255 255 255 255 255 255 255 255 255 255 255 255 255 255 255 255 255 255 255 255 255 255 255 255 255 255 255 255 255 255
0 0 0 0 0 0 0 0 0 0 0 0 0 0 0 0 0 0 0 0 0 0 0 0 0 0 0 0 0 0 0 0 0 0 0 0
255 255 255 255 255 255 255 255 255
255 255 255 255
171 23 197 90 241 221 155 253 16 59 218 226 171 236 203 115 5 148 45 20 121 161 211 95 253 180 39 84 35 139 187 36 33 11 3 142
0 244 105 192 192 15 231 190 19 242 195 213 47 228 2 90 152 49 27 61 249 61 84 91 47 114 18 117 41 178 210 237 55 51 144 47
81 49 204 48 218 53 226 1 13
3 36 194 186
33 21 216 103 53 182 187 100 80 137 49 167 238 33 44 152 30 236 244 48 145 168 100 63 152 130 61 63 92 91 242 154 145 192 106 219
180 28 10 101 239 27 199 219 156 92 35 36 3 74 175 57 189 64 52 76 18 152 60 207 59 4 146 209 116 29 36 76 218 109 159 51
93 52 43 211 208 181 14 0 205
19 135 21 151
118 147 169 168 208 155 220 33 60 107 237 212 173 2 210 147 207 250 47 46 200 58 102 49 46 38 231 59 133 235 129 112 162 133 171 249
56 9 119 32 217 232 164 103 229 243 213 222 4 94 53 117 41 21 29 26 239 173 155 25 74 31 85 125 3 250 102 166 152 204 126 89
73 49 231 40 104 65 164 133 94
118 131 151 45
249 248 216 219 143 56 32 163 0 155 83 119 79 98 160 21 56 192 255 48 230 251 178 156 126 154 33 13 140 28 175 116 231 145 236 47
56 110 49 196 249 220 113 253 183 166 115 180 16 23 234 197 26 114 227 172 21 63 14 200 252 5 72 40 92 202 204 101 221 190 129 35
35 153 142 168 102 112 180 244 149
229 194 21 190
39 159 91 241 26 241 80 113 87 194 150 72 211 38 15 15 223 10 180 17 251 63 33 213 52 139 85 95 217 254 65 35 102 237 78 85
209 93 43 83 5 144 228 123 219 40 161 58 39 221 177 80 178 103 193 21 222 45 25 201 113 215 139 34 127 134 236 97 157 197 181 9
240 112 114 156 44 73 224 81 67
113 92 249 75
136 234 188 151 117 112 178 24 243 213 20 5 94 159 35 35 83 52 97 241 244 211 223 229 208 167 178 52 255 36 252 70 246 80 115 15
175 86 214 157 69 34 42 8 249 87 166 111 50 26 116 60 200 161 213 244 152 54 112 202 69 85 62 196 217 99 164 166 168 50 170 66
154 79 113 231 120 218 176 147 44
78 99 243 36
9 68 107 155 89 81 180 219 65 136 55 160 133 8 208 212 119 199 253 68 226 109 218 234 171 202 77 12 52 212 6 87 225 120 209 18
194 178 155 255 113 194 228 45 213 17 26 21 240 227 239 221 122 146 122 223 61 3 171 31 12 184 164 7 24 178 110 255 179 65 225 65
23 165 244 102 111 228 11 51 233
23 231 201 60
192 45 212 107 159 164 118 131 57 186 80 39 164 104 95 84 78 186 68 187 223 242 165 38 139 206 6 61 237 155 101 101 66 235 239 141
216 172 215 133 233 189 39 147 155 125 238 206 1 190 69 194 144 100 119 188 80 217 196 167 166 146 12 31 20 84 214 154 167 103 135 25
251 172 217 89 194 139 224 194 173
213 177 112 154
171 184 167 98 204 87 87 130 13 116 108 243 56 43 49 241 44 141 84 117 160 66 54 221 56 205 167 203 227 148 42 20 101 76 71 137
42 118 43 28 46 146 84 8 244 240 156 49 75 14 149 255 231 135 167 197 252 131 121 203 171 66 60 146 178 15 31 229 251 111 118 49
71 58 188 10 86 75 111 238 181
119 65 206 6
