1000
25 6 27 0 29 1
41 42 32 31 43 24
3 16 1 6 23 3
28 10 8 29 53 48
10 5 11 21 23 19
5 0 0 3 7 2
0 4 1 1 5 4
9 4 7 8 11 3
27 10 38 14 61 15
35 31 53 7 59 45
15 2 11 1 23 9
12 11 9 4 17 3
27 30 16 19 31 26
23 17 15 10 31 0
3 56 26 25 59 50
1 1 3 5 7 4
8 4 0 1 11 4
17 21 14 2 31 27
39 17 15 24 53 11
16 29 50 34 61 58
46 45 57 33 59 19
32 41 4 20 61 51
45 0 43 29 47 6
14 15 8 5 23 5
41 28 18 50 53 2
4 2 0 2 5 1
2 1 3 0 5 3
34 9 5 30 37 8
18 31 21 11 41 17
9 1 0 3 17 9
1 4 0 0 5 3
9 31 33 3 41 16
4 0 0 1 13 7
20 5 1 21 29 27
2 4 0 0 7 0
10 12 4 17 19 11
31 11 16 10 41 13
14 31 24 13 37 31
4 25 29 5 47 30
33 36 18 32 59 8
17 4 12 11 23 6
2 6 5 0 7 2
9 15 23 19 43 38
3 15 12 58 59 44
0 14 9 15 19 2
32 26 30 30 37 26
32 32 42 15 47 45
34 39 52 32 61 59
8 16 24 10 29 6
26 51 47 55 61 41
8 7 4 1 13 2
9 4 11 0 13 4
4 8 5 0 11 2
7 1 2 2 13 9
1 12 3 19 29 5
40 38 19 17 47 23
23 1 8 37 61 29
19 43 14 34 53 21
5 3 6 4 7 4
1 3 10 8 13 10
12 21 14 14 37 29
4 15 15 15 23 2
9 0 1 3 11 8
10 11 13 9 17 3
4 6 7 2 13 12
35 39 22 21 47 34
41 3 21 11 47 44
37 24 49 45 59 32
5 1 3 3 7 6
18 10 9 12 47 17
4 40 34 3 43 0
0 0 2 0 5 0
35 12 31 29 37 18
14 10 5 2 17 10
2 5 1 0 7 1
4 6 2 3 7 3
14 10 21 19 47 9
33 12 40 42 53 4
1 1 3 0 5 4
5 1 2 9 11 6
4 29 12 0 43 29
3 7 4 9 13 8
10 5 8 9 11 2
15 23 16 0 31 24
1 6 7 2 11 5
9 4 4 1 11 9
4 2 9 3 19 9
18 36 32 16 37 12
29 14 31 5 47 40
44 28 11 40 61 18
10 1 2 11 13 11
8 5 5 1 13 0
4 2 2 24 37 11
3 0 2 2 7 1
44 29 49 37 59 30
3 0 4 3 5 4
4 14 7 3 19 2
3 16 13 3 23 11
33 39 11 11 43 1
22 23 1 10 43 24
6 13 8 16 17 13
37 38 17 19 41 8
1 2 20 0 23 11
11 21 1 29 47 32
0 0 3 1 5 2
11 17 22 8 23 20
0 16 9 19 29 9
10 7 7 12 13 8
1 25 38 12 41 9
29 35 17 5 41 25
24 25 20 17 31 24
27 7 23 8 29 20
13 14 14 0 23 3
1 4 4 2 7 6
29 20 34 24 37 8
1 1 2 3 7 0
0 1 2 1 5 1
10 7 8 0 11 10
31 38 49 18 59 28
25 21 34 12 43 30
3 22 15 19 47 24
8 32 16 8 37 19
7 56 37 15 61 29
0 0 1 1 5 0
20 15 21 19 23 8
12 3 15 12 17 1
14 14 2 24 29 14
12 7 5 1 13 6
38 14 37 0 41 36
2 7 15 12 23 21
18 16 11 5 23 17
30 10 18 3 31 24
2 32 3 23 47 21
14 19 22 6 23 17
2 2 6 6 7 0
11 5 9 2 13 1
7 5 9 9 31 29
48 13 45 57 59 50
42 7 39 22 47 23
30 28 33 50 53 43
3 7 12 3 13 10
4 0 0 2 5 1
4 12 9 9 19 0
8 4 1 8 11 1
6 9 1 6 17 16
12 14 19 22 23 5
15 12 0 17 19 12
9 7 8 5 11 9
6 11 0 6 13 8
36 33 33 34 43 29
1 1 0 5 7 3
4 8 6 6 13 11
3 1 4 2 5 1
1 1 0 4 5 2
3 6 5 6 7 6
30 27 43 29 59 46
37 41 0 42 47 20
4 25 13 13 29 8
2 6 5 1 11 7
0 3 4 3 5 3
32 30 3 53 59 39
22 13 23 8 31 3
7 6 11 8 13 7
13 26 26 22 31 15
6 0 4 5 7 4
1 11 12 8 13 9
17 3 14 9 19 3
28 13 1 16 29 20
55 20 29 14 59 55
1 26 26 6 43 17
10 28 50 5 59 18
57 13 0 53 61 12
3 37 34 5 47 7
43 15 11 20 61 27
22 17 20 8 31 23
16 18 14 1 31 14
26 21 16 31 37 14
4 9 10 6 11 6
2 23 17 2 31 19
37 19 26 45 59 54
7 5 47 25 53 14
0 5 1 2 7 0
7 30 13 4 37 7
2 3 0 1 5 1
3 4 2 1 5 4
9 0 43 47 59 29
4 2 1 1 5 3
16 22 4 27 29 24
5 11 12 11 19 6
4 1 2 1 5 3
10 22 1 20 23 21
4 1 2 2 5 3
36 23 24 31 41 16
6 26 16 25 29 14
11 48 39 27 59 22
28 15 44 7 47 33
8 3 28 26 29 28
1 3 26 41 47 20
30 34 5 28 37 9
10 6 8 20 61 22
4 18 21 16 31 10
37 5 15 35 47 3
16 13 20 36 59 33
4 3 2 2 5 0
48 10 58 9 59 48
33 35 13 37 41 18
23 3 28 13 31 28
28 34 16 7 41 9
30 34 3 1 53 9
16 18 14 17 41 17
6 12 16 17 19 11
36 11 34 37 47 27
38 51 17 27 53 32
18 0 1 9 23 2
4 17 5 10 23 8
2 2 17 26 43 21
43 39 34 26 47 4
15 27 18 25 43 38
10 6 1 11 17 12
29 37 27 11 47 29
4 7 3 12 37 2
38 28 33 32 41 29
18 16 21 12 29 27
28 42 50 30 53 7
28 7 5 20 31 12
0 14 16 19 47 2
4 2 3 0 5 4
51 33 7 54 59 50
7 2 8 2 19 9
2 0 1 2 5 2
15 32 36 7 47 22
14 15 9 4 23 13
1 1 0 4 5 4
11 16 10 10 17 13
9 10 8 4 17 11
18 11 8 31 41 16
1 9 35 40 41 20
6 28 49 2 53 43
0 8 2 6 13 4
19 40 31 41 43 38
38 28 11 8 43 33
13 9 7 5 17 3
22 23 6 26 29 16
46 48 35 50 53 32
9 3 8 6 17 2
22 40 5 31 47 0
2 36 1 16 53 8
17 40 31 26 47 29
10 11 3 12 13 4
30 11 7 39 41 4
6 13 17 14 19 14
4 2 9 8 11 5
16 15 7 16 41 1
9 6 14 13 17 1
9 8 7 9 11 4
21 3 19 15 29 17
15 12 41 27 43 5
46 25 47 45 61 8
2 0 8 5 11 8
30 29 15 27 41 14
24 29 28 42 43 12
1 1 4 2 5 3
10 3 8 1 13 11
16 7 42 0 43 29
20 21 4 5 23 2
14 3 16 11 17 9
20 29 22 23 47 13
1 3 2 2 5 2
29 19 0 12 31 17
27 9 30 23 43 26
1 0 6 6 13 0
4 12 10 1 13 12
5 4 18 16 19 17
13 19 17 17 23 5
18 3 1 13 23 10
3 1 0 1 5 4
5 7 0 15 17 2
51 50 34 25 61 23
5 14 13 2 17 1
20 20 1 0 31 29
8 47 35 52 53 33
3 3 1 1 5 2
15 10 11 8 23 1
24 8 10 20 47 45
1 2 10 7 13 7
25 28 2 8 31 4
1 0 2 4 5 0
17 33 29 31 37 3
14 32 22 42 43 35
3 9 19 14 31 3
0 28 36 1 41 9
12 21 17 11 23 22
9 7 3 6 13 3
8 1 10 1 19 17
43 45 14 19 47 18
9 1 1 3 11 5
22 1 16 22 29 3
3 16 16 16 19 16
41 10 7 38 47 22
20 36 26 34 43 8
26 4 16 25 31 15
6 3 0 9 11 4
26 2 21 8 29 24
7 3 0 12 23 22
10 0 5 5 11 0
10 16 7 11 17 14
28 33 6 1 41 34
4 0 3 3 5 2
5 10 6 2 13 0
5 21 3 21 47 28
13 3 8 0 19 15
53 24 54 6 59 49
8 12 21 8 29 22
11 27 21 8 31 4
3 2 6 6 7 4
19 6 20 12 23 6
19 4 30 4 43 18
5 6 7 4 11 2
7 6 10 2 13 6
44 5 13 35 59 2
37 34 29 35 59 3
41 51 10 34 53 14
9 7 5 9 13 9
0 6 7 2 13 8
14 13 11 21 23 10
31 37 47 41 53 52
4 2 9 8 11 9
10 1 0 6 13 0
11 18 24 26 41 40
27 16 31 28 47 40
1 3 0 4 5 4
9 9 0 1 11 0
22 4 35 13 43 18
2 8 7 11 23 18
19 5 14 4 23 11
2 33 13 3 41 12
27 27 36 24 53 18
2 3 1 6 7 4
6 3 5 1 7 1
8 2 1 10 17 11
3 12 11 17 19 13
2 18 9 23 61 14
10 27 4 17 29 5
8 4 3 3 11 10
9 8 5 15 17 12
12 6 7 11 13 9
0 0 10 8 11 10
7 13 22 6 23 7
2 2 4 1 5 3
13 6 3 18 19 6
15 29 22 39 59 33
11 6 45 9 47 0
27 25 43 29 53 40
6 0 3 4 11 3
13 14 24 21 31 26
29 35 38 36 41 26
5 3 7 4 11 1
17 11 18 10 43 28
6 6 3 3 7 1
39 12 42 27 47 34
2 25 18 26 43 2
4 7 7 9 13 2
0 0 4 1 5 3
40 52 26 1 61 10
19 26 10 13 29 4
10 2 13 8 17 9
8 36 16 29 47 5
0 1 11 9 23 8
7 12 10 14 37 23
27 0 4 16 31 22
10 1 5 7 17 15
3 25 7 1 29 19
30 16 8 28 41 16
1 4 5 3 11 8
11 26 6 15 37 23
44 36 46 13 47 37
12 6 2 4 13 0
13 10 8 11 17 8
6 3 5 6 7 4
14 7 8 5 17 9
0 17 1 3 19 5
7 40 22 27 41 26
20 40 0 42 43 25
39 0 40 54 59 48
7 15 35 12 37 2
29 46 12 44 53 17
36 29 17 16 41 29
30 5 20 31 43 12
0 3 2 0 5 0
18 4 3 16 19 7
20 6 23 30 31 3
58 20 2 46 61 38
2 1 4 1 7 5
6 29 24 31 37 8
2 3 10 1 11 1
0 2 6 3 7 3
21 12 9 12 31 13
25 21 16 16 47 26
3 3 0 4 5 3
39 25 46 19 59 21
11 10 19 15 43 36
3 3 2 0 5 1
22 19 36 11 37 16
12 3 3 9 13 8
31 24 3 0 59 13
3 5 12 5 13 0
34 11 22 36 41 37
1 1 2 0 7 5
12 12 3 13 17 9
7 12 13 27 31 26
2 1 3 3 5 0
18 14 9 17 19 8
13 6 15 26 29 18
52 39 55 39 59 58
2 2 4 0 7 5
8 14 19 9 31 24
2 6 19 31 47 45
41 27 18 13 43 33
7 5 23 22 41 9
6 12 9 16 17 2
2 4 0 1 5 4
33 29 0 18 43 8
28 18 22 7 37 32
20 30 13 27 47 13
0 8 15 10 17 13
7 0 10 10 13 9
3 1 0 2 7 6
32 28 51 27 59 3
13 19 42 38 43 24
12 18 26 6 31 24
8 11 7 2 31 24
23 34 7 8 41 3
13 7 8 7 17 4
25 9 28 41 43 17
21 31 13 5 59 31
10 0 18 18 19 15
47 19 4 35 53 3
23 17 9 17 59 7
56 50 26 26 59 40
2 2 6 4 11 4
34 8 7 12 41 17
19 17 35 13 43 23
37 12 29 25 47 36
3 0 5 10 11 4
2 13 11 9 29 24
4 0 21 10 23 22
24 13 18 12 31 6
15 39 37 29 41 36
17 16 0 16 29 0
0 2 4 16 17 6
3 2 2 10 17 11
0 10 9 10 13 12
1 2 4 1 5 1
3 6 4 4 7 0
6 12 27 38 41 33
20 14 9 16 41 8
5 30 34 31 47 13
24 40 3 37 47 39
10 3 14 7 19 6
2 0 0 4 5 4
8 11 22 6 31 3
1 3 26 10 29 0
8 9 10 14 17 13
8 0 15 21 31 21
22 9 12 22 23 11
32 34 14 22 41 30
14 42 19 2 53 34
43 31 26 27 59 35
2 5 8 13 53 7
1 42 5 5 61 25
6 14 22 13 23 1
6 10 7 26 29 1
20 30 9 6 41 27
10 22 21 18 23 5
3 8 0 11 13 4
10 2 2 2 11 6
9 3 8 0 11 10
11 16 58 5 59 47
2 4 5 6 7 1
1 1 7 5 17 0
8 9 21 35 37 7
7 9 20 20 37 25
10 5 0 5 11 3
10 7 6 7 11 0
12 27 30 43 47 9
27 0 8 10 29 11
26 48 6 3 59 46
15 22 18 5 23 10
51 4 45 18 59 4
12 19 11 34 41 2
2 10 6 6 11 1
1 33 40 12 53 13
11 10 15 22 23 6
37 40 6 8 43 18
57 33 0 25 61 28
16 2 21 29 31 15
39 11 40 33 59 49
15 14 11 5 19 11
27 28 24 1 31 5
56 38 44 17 59 21
18 9 12 12 19 13
6 22 9 14 23 8
7 8 17 6 23 11
43 41 6 23 47 28
7 15 9 32 37 19
16 6 2 21 29 16
14 10 21 26 31 10
9 0 5 5 11 7
30 31 24 30 41 39
4 8 2 7 13 4
26 1 24 5 31 13
8 0 16 7 19 12
11 17 13 27 37 19
6 24 21 21 31 11
40 40 34 37 41 11
22 0 1 0 29 20
6 3 21 26 53 50
17 21 12 20 37 14
0 0 1 13 19 13
13 35 37 11 43 1
20 23 9 43 61 44
29 39 17 39 43 3
3 7 8 7 11 6
24 15 6 7 31 21
31 25 34 26 43 15
0 14 21 16 31 7
0 10 10 2 11 10
18 18 11 36 41 30
4 6 0 3 7 5
2 45 51 5 59 37
25 23 28 18 29 4
10 0 1 8 11 4
11 25 25 17 31 9
45 48 26 48 61 3
16 20 11 12 31 9
5 16 10 14 17 5
56 39 3 0 61 52
8 3 2 8 11 9
8 13 19 0 29 17
3 8 15 4 17 3
23 35 9 51 61 31
0 0 11 36 43 30
2 6 6 1 7 0
13 1 12 9 23 1
1 1 3 1 5 2
15 46 29 20 61 10
7 21 12 16 23 0
39 33 7 14 43 21
0 2 3 0 5 3
1 3 14 11 17 10
7 5 9 8 13 2
6 3 8 9 11 0
23 45 32 17 61 12
3 6 2 2 11 6
1 3 9 25 31 16
2 2 3 2 5 2
56 4 35 0 61 17
15 10 11 5 23 1
11 22 6 11 31 22
14 17 17 10 23 10
1 9 9 3 11 0
5 27 12 10 29 9
0 17 13 30 41 23
3 2 1 0 5 4
39 24 11 34 43 23
29 5 30 9 41 14
8 19 42 40 53 30
24 40 22 34 53 37
21 3 23 33 47 44
11 23 2 16 29 3
17 27 5 52 61 0
17 24 6 23 31 21
11 12 12 22 23 6
27 51 44 26 59 43
9 0 11 8 19 18
6 6 2 2 7 4
4 4 6 2 7 4
1 5 3 2 7 1
17 6 9 25 37 32
52 30 60 50 61 23
7 2 8 1 23 5
19 6 26 30 41 11
6 6 0 1 23 1
18 14 44 36 47 31
17 9 18 2 19 10
7 9 13 4 17 3
22 4 48 45 53 10
10 8 9 16 19 13
3 0 1 2 5 0
5 49 23 19 61 5
9 5 12 7 17 12
14 41 7 22 47 4
37 50 42 47 61 55
54 46 19 44 61 20
3 11 9 0 17 9
6 21 25 30 31 11
44 9 43 25 47 44
41 5 26 37 43 18
7 16 22 4 31 1
3 0 6 9 11 4
1 20 27 27 29 9
0 4 1 3 5 1
4 2 12 13 17 7
2 2 3 1 5 0
7 6 9 10 19 4
4 3 2 0 5 0
0 24 40 21 43 16
39 3 28 6 43 38
40 4 33 7 47 20
30 25 38 30 43 9
37 35 39 39 43 33
38 38 45 19 61 18
0 5 2 3 7 0
45 41 18 6 59 2
39 22 13 1 47 17
19 24 38 53 59 32
24 7 26 26 31 11
6 16 18 5 19 0
1 47 34 21 53 29
4 21 6 29 61 13
31 33 27 27 37 30
4 0 1 4 5 1
20 56 35 1 59 43
6 27 41 13 47 23
0 24 33 37 59 12
15 8 3 5 17 16
0 8 16 14 19 5
12 2 2 10 13 12
7 14 10 10 29 23
14 17 26 13 37 6
39 28 4 1 43 31
15 7 9 0 23 21
21 7 5 17 31 16
6 9 42 5 43 38
33 37 44 8 59 49
7 33 51 17 53 12
12 4 20 19 29 5
16 21 14 19 43 36
29 29 43 9 61 25
2 6 6 1 7 6
0 3 2 6 7 6
33 36 26 16 41 23
4 6 1 1 7 2
4 3 3 1 5 0
55 55 34 59 61 59
4 4 1 6 7 3
22 28 18 4 43 1
5 40 23 35 47 19
17 1 19 17 23 10
31 6 19 17 47 37
14 12 8 13 37 19
4 2 1 4 5 2
11 8 5 5 13 4
2 1 1 1 11 10
16 5 15 12 17 11
34 17 29 3 41 5
9 21 14 24 43 36
29 18 4 37 41 7
18 16 16 37 59 44
9 12 0 12 17 13
0 7 8 5 13 3
10 1 3 0 11 8
44 22 41 33 47 0
3 12 12 4 13 10
27 46 8 50 53 42
17 27 6 17 31 28
11 14 15 21 31 0
4 12 21 15 29 18
10 5 1 4 13 0
7 20 19 9 23 17
28 15 16 12 47 43
7 36 2 39 41 37
21 11 12 2 31 15
13 7 1 1 17 15
20 28 32 6 37 27
16 19 13 11 37 27
0 24 60 11 61 4
0 3 2 1 7 3
2 6 0 1 7 1
11 8 3 4 13 5
2 38 21 27 47 25
0 0 2 4 5 2
32 29 37 19 43 26
33 31 11 6 53 8
10 9 27 15 29 24
11 18 3 0 19 9
2 3 4 6 7 0
37 52 6 39 59 39
58 11 8 41 61 5
8 6 30 19 41 27
14 16 13 9 17 11
4 10 9 8 11 3
2 12 7 4 13 6
9 7 22 8 59 7
16 10 17 18 19 14
8 10 2 33 37 8
4 25 27 24 31 17
6 10 11 2 13 10
0 42 42 29 43 25
12 3 19 19 23 11
1 12 6 8 31 20
8 1 6 47 53 16
7 6 6 0 11 4
0 9 3 10 11 6
8 33 43 29 61 9
25 29 14 14 31 9
10 13 0 5 29 9
33 11 8 5 37 12
44 11 56 18 59 24
6 6 2 4 7 6
42 54 46 42 61 36
34 11 30 0 41 27
12 26 23 38 41 27
26 17 20 24 37 31
1 2 4 1 5 1
6 31 12 13 41 4
30 4 45 11 53 6
21 12 12 2 31 21
18 17 6 10 19 14
26 22 59 59 61 9
5 8 10 0 11 8
14 13 18 5 23 5
10 39 3 26 47 13
19 11 15 22 29 27
15 2 18 34 41 27
0 4 4 3 7 2
3 33 36 2 37 33
0 1 4 3 5 2
2 7 6 10 11 10
26 4 46 40 47 44
3 9 2 10 11 9
5 0 20 36 37 30
16 8 22 17 31 14
4 26 7 16 29 3
36 24 6 20 61 46
50 34 37 21 59 14
17 4 8 13 29 9
9 11 27 8 29 25
22 28 41 17 61 30
4 3 2 4 5 3
2 1 5 5 7 2
6 31 51 14 53 27
7 17 11 0 19 7
22 0 9 28 31 4
20 18 27 28 59 44
32 31 15 44 47 34
3 2 10 6 11 9
16 22 50 45 61 45
21 15 13 13 29 8
1 7 39 16 47 2
30 11 0 17 37 0
41 7 37 12 53 50
24 10 33 53 61 12
10 26 23 29 31 27
17 52 11 41 61 14
37 40 24 49 53 41
1 5 26 46 61 0
29 7 52 2 53 32
44 58 52 58 61 42
42 39 25 46 47 46
10 7 12 9 13 5
20 31 38 27 41 23
0 11 14 4 19 5
2 6 1 4 61 40
3 6 23 8 41 24
12 4 6 16 23 22
7 13 4 12 17 11
9 21 11 7 43 8
11 25 3 18 37 28
12 15 5 24 31 4
10 8 4 9 11 6
29 3 45 2 53 2
8 10 11 19 23 12
13 53 12 56 59 13
16 5 27 23 31 7
6 8 2 5 11 9
0 51 43 4 61 40
6 31 5 0 37 5
11 13 13 12 19 0
25 50 24 9 53 1
10 3 7 9 11 5
49 12 50 6 53 43
27 8 21 19 41 10
12 18 7 18 23 12
10 2 9 2 17 13
2 10 9 6 17 11
50 41 42 14 53 9
21 0 25 11 31 29
17 46 31 27 53 0
6 2 12 17 41 9
29 16 33 20 37 31
3 2 2 0 5 3
1 6 7 7 11 7
29 3 16 23 31 20
6 5 29 23 37 33
3 0 2 4 11 4
4 5 2 0 17 12
18 30 16 28 31 2
23 10 11 28 37 27
2 1 6 5 7 6
17 29 35 36 41 4
40 26 2 34 47 44
1 18 12 10 23 0
21 26 41 49 59 6
7 16 13 16 17 15
14 1 8 2 17 15
28 13 40 16 43 6
21 12 24 35 37 3
41 27 14 41 47 1
34 0 5 33 41 34
46 16 2 28 47 45
3 6 49 16 59 56
21 17 0 5 23 17
3 18 30 13 31 18
1 3 0 3 5 4
11 39 13 40 47 31
12 44 50 1 53 37
18 49 30 52 61 57
0 9 12 5 13 9
2 5 0 5 11 6
21 50 19 16 59 35
3 4 2 3 5 0
0 17 3 1 19 12
11 16 15 13 23 9
30 42 24 13 43 30
7 5 2 0 11 6
28 16 36 22 41 39
4 2 3 0 5 0
19 35 26 36 43 28
4 1 5 6 7 4
0 3 11 18 19 13
29 33 9 40 61 33
13 10 4 19 61 59
1 23 52 9 61 4
6 15 14 2 17 8
9 7 7 11 29 15
14 10 13 5 31 22
15 20 28 20 37 36
6 4 5 2 13 12
8 13 52 40 61 22
3 13 2 8 17 2
18 12 5 24 47 28
34 54 0 28 59 18
1 1 3 0 5 4
9 14 26 7 29 9
19 8 16 12 23 5
11 5 4 4 23 5
15 3 17 12 19 14
23 2 1 52 59 37
22 39 1 42 53 51
7 41 4 1 59 57
30 13 23 36 37 23
22 36 28 6 47 14
17 3 11 7 29 16
31 21 23 21 37 32
0 1 2 2 5 2
34 44 14 45 59 45
39 45 16 0 59 33
17 4 3 9 19 2
6 3 0 6 7 0
5 38 24 34 41 8
14 6 12 1 23 14
23 17 34 28 37 24
17 9 5 8 19 1
15 4 11 41 53 32
5 0 13 8 23 7
9 27 0 10 53 40
4 42 17 16 47 16
3 1 4 3 5 3
34 20 13 31 41 2
4 5 12 8 13 8
14 4 1 23 29 21
6 9 38 5 41 20
4 1 1 2 7 2
31 17 3 41 47 37
4 1 11 9 17 8
45 7 48 37 53 1
0 5 19 15 29 23
38 7 22 35 47 23
1 11 6 1 13 10
5 16 13 13 23 19
36 3 21 36 37 18
10 3 11 7 13 8
3 22 0 5 43 24
9 17 24 26 29 23
11 31 32 16 37 36
16 18 3 17 23 21
48 9 8 26 53 18
23 4 14 12 29 25
17 29 7 4 37 32
51 3 38 44 53 15
56 43 7 15 61 42
10 0 4 6 11 0
5 7 4 7 11 7
13 9 4 2 19 13
46 27 18 41 47 9
18 4 1 11 23 11
11 45 46 37 61 21
1 0 4 0 5 1
7 2 9 9 17 3
9 3 6 1 11 3
16 7 15 11 19 4
12 3 30 0 31 5
1 0 0 3 5 4
31 4 23 44 47 4
2 1 0 1 5 0
2 2 1 5 7 0
13 5 24 19 31 12
4 9 12 11 19 6
8 10 14 0 19 4
36 46 24 13 47 5
8 0 2 4 13 0
4 18 3 9 19 6
20 5 4 4 31 15
15 9 16 8 17 7
49 42 25 29 61 37
27 29 31 13 53 28
7 2 5 16 17 13
14 9 9 14 17 10
27 40 39 34 47 24
2 12 3 3 13 11
1 5 6 6 13 9
36 29 6 31 53 1
9 31 10 21 37 12
0 8 3 2 11 8
22 42 10 15 61 9
11 8 3 0 13 0
1 21 5 10 23 22
17 34 27 6 37 17
8 17 11 2 37 27
0 49 37 6 53 29
34 55 2 0 59 42
4 29 1 49 59 19
7 7 4 4 11 8
26 13 54 44 61 43
3 26 17 2 47 45
4 2 3 4 5 0
3 32 11 17 37 1
28 34 25 26 43 41
8 1 7 11 13 0
21 14 14 13 23 5
46 20 28 46 53 8
9 1 3 1 13 7
45 39 43 40 59 55
10 1 35 5 37 15
11 16 13 17 23 2
3 4 4 4 7 3
43 41 22 33 61 42
0 13 11 16 23 14
28 14 0 7 29 18
11 18 0 5 31 11
26 52 20 48 53 28
0 4 2 0 7 2
16 59 14 32 61 38
22 0 15 32 47 15
34 23 20 39 47 28
1 4 6 5 7 6
18 19 1 13 23 5
5 10 10 6 11 3
11 17 15 14 19 10
4 2 3 9 11 5
1 1 0 2 5 2
39 40 29 25 47 40
0 6 5 3 13 9
4 0 3 0 5 0
16 53 26 0 61 19
4 4 0 6 7 1
2 9 8 0 13 1
24 4 15 57 61 45
28 35 29 10 37 15
3 4 1 5 7 3
6 2 4 7 13 12
23 28 18 23 29 14
11 12 12 6 29 11
13 30 58 56 61 51
24 11 19 1 29 8
10 1 4 9 19 6
11 18 16 4 19 2
3 4 4 2 5 2
25 13 10 28 29 8
38 28 5 33 41 30
21 5 9 3 23 3
12 10 50 47 61 48
5 30 35 33 53 2
14 3 27 19 37 1
31 50 13 15 61 11
31 32 9 1 41 24
35 15 6 32 37 34
1 5 24 9 43 12
0 25 27 0 37 9
3 17 9 13 19 5
22 24 45 33 59 16
19 20 46 19 53 52
5 0 6 4 11 10
8 18 20 17 41 11
15 9 16 29 47 25
0 4 2 0 5 3
2 15 14 12 23 11
20 4 13 18 23 16
0 2 2 3 7 3
