==========================================
                  inputs                  
==========================================
in_addr_M = 1c67 (in hex format)
in_addr_G = 29db (in hex format)
in_dir = 3 (in decimal format)
in_dis = 7 (in decimal format)

=================================================
        input matrix (in decimal format)         
=================================================
 22 11 18 31  1 12  1 18 31  9 11 16 21 27 20 25
 11  0 16  2 24  1 24 16 27 17 29  1 12 23 28 12
 19 16 19  9 23 14 19 19 25  6 22 13  1  9 19  3
 25 17 15 19 26 31 22 12  4  2 11 22 18 26 28 18
 12 29 26  3 30 26  7 12 10 29 17 28 26 19 30  8
 24 14  8 24  1 11 11  5 23 17 28  0 23 29 29 23
 11 28 14 20  0 24  6  6 26 23  3  4  6  0 30 15
 16  0  2 23 23 12 30  1 30  8 25  8  4  7  6  2
 22 20 25  4  4 16 24  8 17 28 21 13 14 26 27  0
 10 15  6 26  3 12 24 10  0 13 10 21  2  1  0 27
 23 12  0 27 17  9  4 26 23 20 14  0 27  7 28  3
 12  3 28  8 12 17  1  7  5  9 22 15 23 19 18 10
 21 13 13  2 17 13 19  4 21  7 23  4 19 16  9  1
 31  3 11 10 28  4  0  1 20  4  5 31 13  5  5 24
 24 31  8  1 11  2 12 15 17 28 23  1  0 29 11  1
 12 25 27  7 26 13 29 31 23  6  1 12 10 31  1 12

========================================================================================================================================================================
                                                                    GLCM matrix (in decimal format)                                                                     
========================================================================================================================================================================
         C. 0 C. 1 C. 2 C. 3 C. 4 C. 5 C. 6 C. 7 C. 8 C. 9 C.10 C.11 C.12 C.13 C.14 C.15 C.16 C.17 C.18 C.19 C.20 C.21 C.22 C.23 C.24 C.25 C.26 C.27 C.28 C.29 C.30 C.31
Ref. 0    0    0    0    0    0    0    0    0    0    0    0    0    0    0    0    0    0    2    0    0    0    0    0    0    0    0    0    0    0    0    0    1
Ref. 1    0    0    0    0    1    0    0    1    1    0    0    1    0    0    1    0    0    0    0    0    0    0    0    0    0    0    0    0    0    0    0    0
Ref. 2    0    0    0    0    0    0    0    0    0    0    0    0    0    0    0    0    0    0    0    0    0    1    0    0    0    0    0    0    1    0    0    0
Ref. 3    0    0    0    0    0    0    0    0    0    0    0    0    0    0    0    0    0    0    0    0    0    0    1    0    0    0    0    0    0    0    0    0
Ref. 4    0    1    0    1    0    0    0    0    0    0    0    0    1    0    0    0    0    0    0    0    0    0    0    0    0    0    0    0    0    0    0    0
Ref. 5    0    0    0    0    0    0    0    0    0    1    0    0    0    0    0    0    0    0    0    0    0    0    0    0    0    0    0    0    0    0    0    0
Ref. 6    0    0    0    0    0    2    0    0    0    0    0    0    0    0    0    0    0    0    0    0    0    0    0    0    0    0    0    0    0    0    0    0
Ref. 7    0    0    0    0    0    0    0    0    0    0    0    0    0    0    0    0    0    0    0    1    0    0    0    0    0    0    0    0    0    0    0    0
Ref. 8    0    1    0    0    0    0    0    1    0    0    0    0    0    0    0    0    0    0    0    0    0    0    0    0    0    0    0    0    0    0    0    0
Ref. 9    0    0    0    0    0    0    0    0    0    0    1    0    0    0    0    0    0    0    0    0    0    0    0    0    0    0    0    0    0    0    0    0
Ref.10    0    0    0    0    0    0    0    0    0    0    1    0    0    0    0    0    0    0    0    0    0    0    0    0    0    0    0    0    0    0    0    0
Ref.11    0    1    0    0    0    0    0    0    1    0    0    0    0    0    0    0    1    0    0    1    0    0    0    0    0    0    0    0    0    0    1    0
Ref.12    1    0    0    0    1    0    0    1    0    0    0    0    0    0    0    0    0    0    1    0    0    0    0    0    0    0    0    0    1    0    0    0
Ref.13    0    0    0    0    0    0    0    0    0    0    0    0    0    0    0    0    0    0    0    0    0    0    0    0    0    0    0    0    0    0    0    0
Ref.14    0    0    1    0    1    0    0    0    0    0    0    0    0    0    0    0    0    0    0    0    0    1    0    0    0    0    0    0    0    0    0    0
Ref.15    0    0    0    0    0    0    0    0    0    0    0    0    0    0    0    0    0    0    0    0    1    0    0    0    0    0    0    0    0    0    0    0
Ref.16    1    0    0    0    0    0    0    0    0    0    1    0    0    0    0    1    0    0    0    0    0    0    0    0    0    0    0    1    1    0    0    0
Ref.17    0    0    0    0    0    0    0    0    0    0    0    0    1    0    0    0    0    0    0    0    0    0    0    1    0    0    0    0    0    0    0    0
Ref.18    0    0    0    0    0    0    1    0    1    0    0    0    0    0    0    0    0    0    0    0    0    0    0    0    0    0    0    0    0    0    0    0
Ref.19    1    1    0    0    0    0    0    0    0    0    1    0    0    1    1    0    0    0    0    0    0    0    0    0    0    0    0    0    0    0    0    0
Ref.20    0    0    0    0    0    1    0    0    0    0    0    0    0    0    0    0    0    0    0    0    0    0    0    1    0    0    0    0    0    0    0    0
Ref.21    0    0    0    0    0    0    0    0    0    0    0    0    0    0    0    0    0    0    0    0    0    0    0    0    0    0    0    0    0    0    0    0
Ref.22    0    1    0    0    0    0    0    1    0    0    0    0    0    0    0    0    0    0    0    0    0    0    0    0    0    0    0    0    0    0    0    1
Ref.23    0    2    0    0    0    0    0    0    0    0    0    0    0    0    0    0    0    0    0    0    0    1    0    1    0    0    0    0    0    0    0    0
Ref.24    0    0    0    0    1    0    0    0    0    0    0    0    0    2    0    0    0    0    0    0    0    0    0    1    0    0    1    0    0    0    0    1
Ref.25    0    0    0    0    0    0    1    0    0    0    0    0    0    0    0    0    0    0    0    0    0    0    0    0    0    0    1    1    0    0    0    0
Ref.26    1    0    0    0    0    0    0    0    0    1    0    0    0    0    0    0    0    0    0    0    0    0    0    1    1    0    0    0    0    0    0    0
Ref.27    1    0    0    0    0    0    0    0    0    0    0    0    0    0    0    0    0    0    0    0    0    0    0    0    0    0    0    0    0    0    0    0
Ref.28    0    0    0    0    0    0    0    0    0    0    0    0    0    0    0    0    0    0    0    0    1    0    0    0    0    0    0    0    0    0    0    0
Ref.29    0    0    0    0    0    1    0    0    0    0    0    0    0    0    0    0    0    0    0    0    0    0    0    0    0    0    0    0    0    0    0    0
Ref.30    0    1    0    0    0    0    0    0    0    0    0    0    0    0    0    1    0    0    0    0    0    0    0    0    0    0    0    0    0    1    0    0
Ref.31    0    0    1    0    0    0    0    0    0    0    0    0    0    0    0    0    0    0    0    0    0    0    0    0    0    1    0    1    0    0    0    0
